species,N75,total_len,N75/total_len
Hvulgare,583380513,4833791107,0.1206879859072073
Lsativa,204289203,2399509484,0.08513790187628198
Zmays,181122637,2135083061,0.0848316584532165
Hannuus,168460249,3027963057,0.055634842905548695
Aofficinalis,84732013,1187539004,0.07135093055015143
Slycopersicum,65633393,828076956,0.07926001626351259
Sbicolor,61277060,708863705,0.08644406473032781
Graimondii,55868233,761406121,0.07337507731961089
Stuberosum,52070158,773029432,0.0673585711546362
Bdistachyon,48594894,271163419,0.17920888510407815
Gmax,44949256,978386919,0.04594220867746495
Mtruncatula,43630510,411831487,0.10594262793704261
Egrandis,41160059,691346258,0.0595360986245477
Sitalica,40408058,405737341,0.09959166661961241
Boleraceacapitata,40126856,385006588,0.10422381655453647
Mdomestica,34748701,709561391,0.04897208534842618
Dcarota,33682890,421502825,0.07991142170873944
Macuminata,29377369,472960417,0.062113800529738625
Fvesca,28944653,211673467,0.136741998939338
Osativa,28443022,374471240,0.075955157464162
Mesculenta,26335333,582281492,0.04522783801618754
Cclementina,25613772,301386998,0.08498632047823111
Tcacao,25448839,346164918,0.07351651677192776
Ppersica,22573980,227411381,0.09926495279495269
Ahypochondriacus,22052327,403889442,0.05459990954653378
Alyrata,21221946,206667935,0.10268620528869174
Vvinifera,20304914,486198630,0.04176258991104109
Athaliana,19698289,119667750,0.16460816719625798
Mguttatus,18883600,312749872,0.06037924133826664
Ptrichocarpa,15760346,434134862,0.036302880462983876
Ppatens,15673097,473226588,0.033119645847117955
Crubella,13734597,134834574,0.10186257569219598
Acomosus,10398566,381905120,0.0272281398060335
Esalsugineum,9441222,243117811,0.038833938003826465
Creinhardtii,5206065,111100715,0.046858969359468115
Spolyrhiza,3541257,145199413,0.024388920911133434
Atrichopoda,2820768,706332648,0.003993540448664069
Czofingiensis,2651369,60363192,0.04392360496774259
Cquinoa,2040720,1385456844,0.0014729581862024423
Vcarteri,1470181,131163211,0.011208790855234551
CsubellipsoideaC169,1433446,48952548,0.029282357273823622
Othomaeum,1354315,243174629,0.005569310439865007
MspRCC299,1145873,20989326,0.054593129860387134
Kfedtschenkoi,1051141,256351415,0.004100390863846021
MpusillaCCMP1545,950943,21945545,0.043331938213427824
Smoellendorffii,890268,212761159,0.004184353968479745
Mpolymorpha,691383,225761139,0.003062453542989965
Olucimarinus,549133,13204888,0.0415855855801276
Csativus,468020,203058019,0.0023048584946551657
Cpapaya,406264,342680090,0.0011855488890527605
Carietinum,386906,532289632,0.000726871193313042
Lusitatissimum,330988,318250901,0.0010400221930557865
Zmarina,233258,203914448,0.0011439012894270248
Oeuropaea,173892,1142316613,0.00015222749806931155
Dsalina,169511,343704392,0.0004931883442443762
Rcommunis,167308,350631014,0.00047716258208693426
Pumbilicalis,104143,87698808,0.0011875075884725823
Csinensis,53824,319231331,0.00016860500450063907
Cgrandiflora,39148,105346052,0.00037161335671127
Taestivum,7191,634419438,1.133477250109099e-05
