species,N75,total_len,N75/total_len
drosophila_melanogaster,23542271,143726002,0.16379966514340252
caenorhabditis_elegans,15072434,100286401,0.15029389677669258
monodelphis_domestica,304825324,3600504728,0.08466183133422064
xenopus_tropicalis,117177943,1440398454,0.08135106135013943
sus_scrofa,121844099,2501912388,0.04870038598649762
mus_spretus,117181667,2625571169,0.044630923885651486
mus_caroli,113551381,2553112587,0.04447566534205489
mus_musculus,120421639,2730871774,0.04409640911979341
betta_splendens,18063741,441371523,0.04092638527565359
scophthalmus_maximus,21452505,524979463,0.04086351278849931
astatotilapia_calliptera,35011464,880428986,0.039766369073178154
anabas_testudineus,22579800,569705464,0.03963416436532545
xiphophorus_maculatus,27874734,704321165,0.03957673769465667
oryzias_latipes,28976614,734057086,0.039474605657576885
rattus_norvegicus,111246239,2870184193,0.03875926822791195
amphiprion_percula,35137006,908939294,0.038657153708661206
felis_catus,96884206,2521863845,0.03841769895392588
macaca_fascicularis,112612857,2946843737,0.03821473652846086
poecilia_reticulata,27946405,731622281,0.038197859367817694
macaca_mulatta,113283604,2971314966,0.03812574745399778
callithrix_jacchus,107821284,2845375248,0.037893520046534124
cynoglossus_semilaevis,17744385,470199494,0.03773799254662746
clupea_harengus,27247294,725670187,0.03754776548371554
theropithecus_gelada,107931652,2889614139,0.03735157941791895
erpetoichthys_calabaricus,141079645,3811022027,0.03701884796269639
denticeps_clupeoides,20964857,567401054,0.036948921494248756
homo_sapiens,114364328,3099750718,0.0368946855422585
cottoperca_gobio,22441820,609391784,0.03682658773752027
xiphophorus_couchianus,25629008,708396389,0.036178908303272
parambassis_ranga,19831688,551012959,0.03599132774661294
mus_pahari,88915856,2475012951,0.03592541039596362
gouania_willdenowi,33478699,937150793,0.035723918978746466
papio_anubis,104990034,2959356508,0.03547731870634087
mastacembelus_armatus,20846246,593065986,0.035149960530698854
danio_rerio,48040578,1373471384,0.03497748737952592
pan_paniscus,114371477,3286643896,0.03479886492698386
gasterosteus_aculeatus,15657440,461533448,0.03392482184736479
nomascus_leucogenys,100215132,2962060179,0.033832915587094156
larimichthys_crocea,21415293,657939657,0.032549022956979166
gorilla_gorilla,97154659,3063362794,0.031715035251551074
peromyscus_maniculatus_bairdii,78974444,2512423440,0.03143357235992035
chlorocebus_sabaeus,84932903,2789656328,0.0304456510099548
microcebus_murinus,73916538,2487409138,0.029716276615206354
tetraodon_nigroviridis,10554956,358618246,0.029432289398905822
meleagris_gallopavo,31125776,1061817103,0.029313688687118464
coturnix_japonica,26894524,927656957,0.028991885197493322
numida_meleagris,30184877,1043264150,0.028933110564567946
ictalurus_punctatus,22470590,783274721,0.02868800613316359
ovis_aries,71719816,2619054388,0.02738385897162209
esox_lucius,24691485,904497253,0.027298573785718285
pongo_abelii,94050890,3446771396,0.027286663139060124
bos_indicus_hybrid,71581568,2680953056,0.026700045284194635
pan_troglodytes,83230942,3231170666,0.025758757615559513
bos_taurus,69862954,2715853792,0.025724121897059766
maylandia_zebra,23971387,957485262,0.025035776477570472
parus_major,25106277,1020310768,0.024606500085471997
equus_caballus,58984458,2506966135,0.023528222889217448
taeniopygia_guttata,27993427,1233186341,0.02270007870611016
gallus_gallus,24153086,1065365425,0.022671175010208353
lepisosteus_oculatus,21174446,945878036,0.022386021446849622
junco_hyemalis,20860279,958315288,0.02176765753527246
oryctolagus_cuniculus,57279966,2737490501,0.020924261099381253
capra_hircus,60283066,2922813246,0.02062501464385385
oryzias_melastigma,15931566,779452910,0.02043942077270582
crocodylus_porosus,41294510,2049536252,0.020148221315774997
canis_familiaris,47698779,2410976875,0.019784005186694292
anas_platyrhynchos_platyrhynchos,21676943,1136415614,0.019074837350835625
microtus_ochrogaster,25865132,2287357235,0.011307867264555202
canis_lupus_dingo,22222897,2439831507,0.009108373646393771
mola_mola,5544135,639451992,0.008670134848841006
serinus_canaria,8291226,1152083301,0.007196724397275159
salvator_merianae,13640638,2026218827,0.006732065568750141
cyanistes_caeruleus,7018745,1186980630,0.0059131082872009464
loxodonta_africana,18249980,3196760833,0.005708897522644291
manacus_vitellinus,6547261,1213150360,0.0053969080963715
marmota_marmota_marmota,13231369,2510587379,0.005270228437645627
chinchilla_lanigera,12247874,2390868971,0.00512277090403546
gambusia_affinis,2729723,598663367,0.004559696067055328
cricetulus_griseus_picr,10167781,2368906908,0.0042921825951296524
panthera_pardus,10969206,2578019207,0.004254896926374994
scleropages_formosus,3144111,777359276,0.00404460472405812
ciona_savignyi,715553,177003750,0.004042586668361546
heterocephalus_glaber_female,10179728,2618204639,0.0038880566661466374
jaculus_jaculus,11016429,2835250225,0.0038855226614081303
vombatus_ursinus,12749593,3486597218,0.003656743868829646
saimiri_boliviensis_boliviensis,9530769,2608588537,0.003653611470270752
cavia_aperea,9654622,2716396567,0.0035542019590543827
astyanax_mexicanus,4674723,1335239194,0.0035010378822058455
cavia_porcellus,9373556,2723219641,0.003442085926112781
ciona_intestinalis,396326,115227500,0.0034395087978130222
seriola_dumerili,2284983,677686174,0.0033717420948888945
equus_asinus_asinus,7618087,2321044345,0.003282180720248152
melopsittacus_undulatus,3647686,1117373619,0.00326451773871708
ursus_maritimus,7483021,2301379344,0.0032515373962616048
macaca_nemestrina,8774521,2948703511,0.002975721691674684
mesocricetus_auratus,7134131,2504925039,0.0028480417133951606
otolemur_garnettii,7080826,2519404493,0.0028105157467463483
vulpes_vulpes,6620298,2421551259,0.0027339078515867996
ficedula_albicollis,2887033,1116409277,0.0025859987546484713
calidris_pugnax,3156566,1229094286,0.002568204926143477
cercocebus_atys,6785186,2848246356,0.0023822328380080616
dipodomys_ordii,5133456,2236368823,0.002295442481224395
octodon_degus,6737359,2995872505,0.0022488804142217662
mustela_putorius_furo,5404178,2410758013,0.0022416924348516104
lepidothrix_coronata,2375466,1079577334,0.0022003666853568824
phascolarctos_cinereus,6857650,3192581492,0.002147995287570251
neolamprologus_brichardi,1741065,847910432,0.002053359569940991
panthera_tigris_altaica,4772388,2391065193,0.0019959255038179127
anser_brachyrhynchus,2170958,1116992394,0.0019435745593805718
callorhinchus_milii,1802339,974498586,0.0018495039663402857
zonotrichia_albicollis,1881141,1052600561,0.0017871366116438922
hippocampus_comes,866743,493775940,0.001755336641149425
nothoprocta_perdicaria,1579076,965904370,0.001634816084329342
piliocolobus_tephrosceles,4942258,3038007327,0.0016268091113790786
ictidomys_tridecemlineatus,3957429,2478410228,0.0015967610830889454
monopterus_albus,983022,684144148,0.0014368638581119604
dromaius_novaehollandiae,1637951,1192237364,0.001373846391212413
oreochromis_niloticus,1224936,927383394,0.0013208517727674558
lonchura_striata_domestica,1393263,1060169706,0.001314188655000108
colobus_angolensis_palliatus,3899664,2970124662,0.0013129630718510226
aotus_nancymaae,3741062,2861668348,0.001307301037387719
neovison_vison,3130955,2447205843,0.0012793999364441695
pundamilia_nyererei,1018968,830133247,0.0012274752320575349
chrysemys_picta_bellii,2813135,2365766571,0.0011891008328902455
fukomys_damarensis,2712007,2333908851,0.0011620021059682763
calidris_pygmaea,1237351,1178350366,0.0010500705356423677
bison_bison_bison,2983393,2953622319,0.0010100793797529534
paramormyrops_kingsleyae,781827,799421083,0.000977991469859696
cebus_capucinus,2642859,2717703182,0.0009724605017590917
anolis_carolinensis,1746293,1799143587,0.0009706245863966165
kryptolebias_marmoratus,632946,680366784,0.0009303011476821302
takifugu_rubripes,346671,391484725,0.0008855288031991542
poecilia_formosa,660346,748923461,0.000881726951267187
propithecus_coquereli,2336393,2798152141,0.0008349771142769324
lates_calcarifer,509713,668464831,0.0007625128149785939
urocitellus_parryii,1780045,2520505282,0.0007062254591220492
notechis_scutatus,1151438,1665525958,0.000691335967758
seriola_lalandi_dorsalis,493190,732509836,0.0006732878874270844
myotis_lucifugus,1362160,2034575300,0.0006695058177497781
amphilophus_citrinellus,526988,844902565,0.0006237263583168315
pelodiscus_sinensis,1358216,2202483752,0.000616674696812928
apteryx_rowi,755020,1228902913,0.0006143853936816244
apteryx_owenii,742194,1231276503,0.0006027841822625929
pogona_vitticeps,1087572,1816116151,0.0005988449579071003
haplochromis_burtoni,470470,831411547,0.0005658689751154009
nannospalax_galili,1727347,3061408210,0.0005642328240832672
eptatretus_burgeri,1459326,2608383542,0.0005594752368668335
apteryx_haastii,649186,1221441152,0.0005314918356377761
mandrillus_leucophaeus,1611892,3062009387,0.0005264164136280619
electrophorus_electricus,276342,551880868,0.0005007276316743055
prolemur_simus,1162967,2411593676,0.0004822400272374906
fundulus_heteroclitus,485067,1021898560,0.00047467235886896643
mus_spicilegus,986446,2496083520,0.0003951975132626972
cyprinodon_variegatus,377252,1035184475,0.0003644297312322038
pygocentrus_nattereri,447622,1285352492,0.0003482484398528711
sphenodon_punctatus,1485454,4272214985,0.0003477011351759022
rhinopithecus_bieti,999805,2977074946,0.0003358346760276689
chelonoidis_abingdonii,696056,2300739315,0.00030253579597739
stegastes_partitus,242037,800491834,0.00030236036111768756
ailuropoda_melanoleuca,678114,2299509015,0.00029489512568838525
spermophilus_dauricus,835533,3106271744,0.000268982583901069
bos_mutus,697211,2645161911,0.00026357970644466915
rhinopithecus_roxellana,729059,2899552139,0.00025143848603165263
amphiprion_ocellaris,186967,880720895,0.00021228859342550287
sarcophilus_harrisii,659826,3174709637,0.00020783822000915796
dasypus_novemcinctus,611005,3631522711,0.00016825035904339687
poecilia_latipinna,135961,815144743,0.00016679369052865253
poecilia_mexicana,130749,801711499,0.0001630873452146905
labrus_bergylta,125904,805480521,0.00015630918031846484
latimeria_chalumnae,442771,2860591921,0.000154783000241858
periophthalmus_magnuspinnatus,107224,701696780,0.00015280674367637828
acanthochromis_polyacanthus,120593,991584656,0.00012161644421411862
gadus_morhua,48806,832114588,5.865297965428771e-05
gopherus_agassizii,115583,2184966080,5.2899219378270625e-05
castor_canadensis,129331,2518306565,5.1356336753226074e-05
meriones_unguiculatus,123971,2523124066,4.91339295084826e-05
petromyzon_marinus,42403,885550958,4.788318460607436e-05
carlito_syrichta,146963,3453864774,4.2550305126682415e-05
tursiops_truncatus,98390,2521923936,3.9013865008179215e-05
pteropus_vampyrus,68736,1999614463,3.437462634515861e-05
ursus_americanus,82757,2588393916,3.1972336006680675e-05
hucho_hucho,67735,2487549814,2.722960546107882e-05
tupaia_belangeri,56023,3670341392,1.5263702750406166e-05
vicugna_pacos,43762,2967746133,1.474587044807717e-05
ochotona_princeps,49094,4781903803,1.0266622253923245e-05
ornithorhynchus_anatinus,16115,2073148626,7.773200530775645e-06
sorex_araneus,12456,2944193050,4.230700836685964e-06
procavia_capensis,11170,2993339806,3.731617766085325e-06
echinops_telfairi,13634,3833584941,3.556462217436491e-06
erinaceus_europaeus,9211,3377541562,2.7271315040593423e-06
notamacropus_eugenii,6977,2955773937,2.360464686646975e-06
choloepus_hoffmanni,4803,2467493193,1.946509929034686e-06
